27
P	   1.5626935e+01  -6.7114188e+00   8.1360272e+00
H	   1.5872621e+01  -7.1256596e+00   7.2677312e+00
P	   1.4843317e+01  -8.0363975e+00   7.4385361e+00
H	   1.4484313e+01  -7.1875760e+00   7.6002173e+00
H	   1.3614839e+01  -7.3549481e+00   7.6335055e+00
H	   1.3526408e+01  -7.1643265e+00   6.4921794e+00
H	   1.2776543e+01  -7.5281028e+00   6.4599572e+00
H	   1.2665014e+01  -8.3717766e+00   6.0822651e+00
P	   1.3461215e+01  -8.9707179e+00   5.6817398e+00
H	   1.3429609e+01  -9.4261849e+00   6.8544535e+00
H	   1.3714174e+01  -8.5421530e+00   7.3151225e+00
P	   1.3899854e+01  -8.3131604e+00   6.6142473e+00
H	   1.4316455e+01  -7.8425355e+00   6.5161121e+00
P	   1.4545318e+01  -7.7385146e+00   5.6639855e+00
H	   1.4511203e+01  -9.0091728e+00   5.7458976e+00
P	   1.5123136e+01  -8.6337144e+00   5.6696985e+00
P	   1.5381337e+01  -8.5878298e+00   5.1792795e+00
P	   1.6311164e+01  -7.8442735e+00   5.6522213e+00
H	   1.6365150e+01  -7.5525993e+00   6.3991767e+00
H	   1.5426363e+01  -7.5411986e+00   6.2097194e+00
P	   1.5596722e+01  -8.4141825e+00   6.5075292e+00
P	   1.5950780e+01  -8.5287881e+00   7.3827174e+00
P	   1.5549734e+01  -9.0064234e+00   7.7274525e+00
P	   1.6428542e+01  -8.0379230e+00   8.3758148e+00
P	   1.6541795e+01  -7.1984435e+00   8.8253945e+00
P	   1.6919671e+01  -7.2783527e+00   7.9272573e+00
H	   1.7083913e+01  -7.8929887e+00   7.5638355e+00
